NODE    ELEM     MODAL     ELEM(BEAM)
9        8        12    8       
MODAL No:        1
NODE(ELEM) No             Z1                                  Z2                                 MID
       1   3.911e-07  -7.581e-08  -3.911e-07   7.581e-08  -3.455e-09   1.960e-06   3.455e-09  -1.960e-06   0.000e+00
       2  -2.171e-06   3.432e-06   2.171e-06  -3.432e-06  -6.180e-07   4.985e-06   6.180e-07  -4.985e-06   1.490e-04
       3   8.064e-07   3.608e-06  -8.064e-07  -3.608e-06  -6.535e-06   7.654e-06   6.535e-06  -7.654e-06   1.490e-04
       4  -6.607e-06   7.868e-06   6.607e-06  -7.868e-06  -8.285e-06   9.547e-06   8.285e-06  -9.547e-06   7.449e-05
       5  -8.241e-06   9.502e-06   8.241e-06  -9.502e-06  -7.129e-06   7.257e-06   7.129e-06  -7.257e-06   2.980e-04
       6  -7.080e-06   7.395e-06   7.080e-06  -7.395e-06  -5.265e-06   5.013e-06   5.265e-06  -5.013e-06   0.000e+00
       7  -5.288e-06   5.918e-06   5.288e-06  -5.918e-06  -6.966e-06   7.597e-06   6.966e-06  -7.597e-06  -1.490e-04
       8  -6.163e-06   7.582e-06   6.163e-06  -7.582e-06  -1.097e-07   5.030e-08   1.097e-07  -5.030e-08  -3.725e-05
MODAL No:        2
NODE(ELEM) No             Z1                                  Z2                                 MID
       1   2.041e-05   1.995e-05  -2.041e-05  -1.995e-05  -3.028e-05  -3.439e-05   3.028e-05   3.439e-05   0.000e+00
       2  -1.180e-04  -1.241e-04   1.180e-04   1.241e-04  -3.168e-04  -3.229e-04   3.168e-04   3.229e-04  -5.820e-07
       3  -7.698e-05  -8.446e-05   7.698e-05   8.446e-05  -2.184e-04  -2.242e-04   2.184e-04   2.242e-04  -8.730e-07
       4  -1.572e-04  -1.656e-04   1.572e-04   1.656e-04  -1.572e-04  -1.656e-04   1.572e-04   1.656e-04  -5.820e-07
       5  -9.623e-05  -1.056e-04   9.623e-05   1.056e-04  -6.499e-05  -6.426e-05   6.499e-05   6.426e-05  -2.910e-07
       6  -4.036e-05  -4.036e-05   4.036e-05   4.036e-05  -3.868e-05  -4.204e-05   3.868e-05   4.204e-05   0.000e+00
       7  -2.840e-05  -3.214e-05   2.840e-05   3.214e-05   4.514e-06   7.493e-06  -4.514e-06  -7.493e-06   5.820e-07
       8  -1.887e-05  -1.140e-05   1.887e-05   1.140e-05  -4.649e-06  -3.360e-06   4.649e-06   3.360e-06   0.000e+00
MODAL No:        3
NODE(ELEM) No             Z1                                  Z2                                 MID
       1  -2.523e-06  -2.523e-06   2.523e-06   2.523e-06  -9.215e-08  -4.953e-06   9.215e-08   4.953e-06  -1.455e-07
       2  -1.383e-05  -6.355e-06   1.383e-05   6.355e-06  -4.627e-06  -1.555e-05   4.627e-06   1.555e-05   5.820e-07
       3  -1.009e-05  -1.009e-05   1.009e-05   1.009e-05  -1.677e-05  -2.978e-05   1.677e-05   2.978e-05   4.365e-07
       4  -1.640e-05  -1.640e-05   1.640e-05   1.640e-05   1.953e-05  -3.419e-05  -1.953e-05   3.419e-05   0.000e+00
       5   2.358e-05  -3.619e-05  -2.358e-05   3.619e-05   1.242e-05  -2.049e-05  -1.242e-05   2.049e-05   4.365e-07
       6   2.531e-05  -3.446e-05  -2.531e-05   3.446e-05   1.288e-06  -4.764e-06  -1.288e-06   4.764e-06   0.000e+00
       7   2.799e-05  -3.178e-05  -2.799e-05   3.178e-05   2.267e-06  -3.784e-06  -2.267e-06   3.784e-06   0.000e+00
       8   3.051e-05  -2.925e-05  -3.051e-05   2.925e-05   4.399e-06  -5.920e-06  -4.399e-06   5.920e-06   0.000e+00
MODAL No:        4
NODE(ELEM) No             Z1                                  Z2                                 MID
       1   0.000e+00   0.000e+00   0.000e+00   0.000e+00  -4.557e-07   4.557e-07   4.557e-07  -4.557e-07   6.820e-09
       2  -2.065e-05  -1.971e-05   2.065e-05   1.971e-05   7.989e-05   7.852e-05  -7.989e-05  -7.852e-05  -4.547e-09
       3   5.045e-05   5.045e-05  -5.045e-05  -5.045e-05   7.844e-05   7.519e-05  -7.844e-05  -7.519e-05   0.000e+00
       4   4.475e-05   4.101e-05  -4.475e-05  -4.101e-05   4.475e-05   4.101e-05  -4.475e-05  -4.101e-05   4.547e-09
       5   4.316e-05   3.756e-05  -4.316e-05  -3.756e-05  -8.731e-06  -1.937e-05   8.731e-06   1.937e-05   6.820e-09
       6   3.735e-06  -3.735e-06  -3.735e-06   3.735e-06   5.414e-06  -5.414e-06  -5.414e-06   5.414e-06   0.000e+00
       7   4.669e-06  -4.669e-06  -4.669e-06   4.669e-06   4.094e-05   3.160e-05  -4.094e-05  -3.160e-05  -6.820e-09
       8   1.476e-05   5.421e-06  -1.476e-05  -5.421e-06  -1.214e-05  -1.220e-05   1.214e-05   1.220e-05   5.683e-09
MODAL No:        5
NODE(ELEM) No             Z1                                  Z2                                 MID
       1  -1.494e-05   1.494e-05   1.494e-05  -1.494e-05  -1.576e-05   1.412e-05   1.576e-05  -1.412e-05  -2.910e-07
       2  -6.071e-05   5.882e-05   6.071e-05  -5.882e-05   1.210e-05  -1.554e-05  -1.210e-05   1.554e-05   5.820e-07
       3  -1.699e-05   1.289e-05   1.699e-05  -1.289e-05   3.506e-05  -3.916e-05  -3.506e-05   3.916e-05   1.746e-06
       4   5.029e-05  -5.431e-05  -5.029e-05   5.431e-05   5.029e-05  -5.431e-05  -5.029e-05   5.431e-05   1.164e-06
       5   6.550e-05  -6.897e-05  -6.550e-05   6.897e-05   7.893e-05  -8.240e-05  -7.893e-05   8.240e-05   1.164e-06
       6   6.598e-05  -6.850e-05  -6.598e-05   6.850e-05   7.269e-05  -7.521e-05  -7.269e-05   7.521e-05   0.000e+00
       7   6.410e-05  -6.851e-05  -6.410e-05   6.851e-05   4.341e-05  -4.556e-05  -4.341e-05   4.556e-05  -1.164e-06
       8   3.671e-05  -3.986e-05  -3.671e-05   3.986e-05   3.425e-06  -3.100e-06  -3.425e-06   3.100e-06  -2.910e-07
MODAL No:        7
NODE(ELEM) No             Z1                                  Z2                                 MID
       1  -1.494e-05   1.494e-05   1.494e-05  -1.494e-05  -1.281e+09   1.281e+09   1.281e+09  -1.281e+09  -2.784e-12
       2  -1.281e+09   1.281e+09   1.281e+09  -1.281e+09  -2.224e+09   2.224e+09   2.224e+09  -2.224e+09  -2.973e-12
       3  -2.224e+09   2.224e+09   2.224e+09  -2.224e+09  -3.691e+09   3.691e+09   3.691e+09  -3.691e+09  -4.918e-12
       4  -3.691e+09   3.691e+09   3.691e+09  -3.691e+09  -4.819e+09   4.819e+09   4.819e+09  -4.819e+09  -3.573e-13
       5  -4.819e+09   4.819e+09   4.819e+09  -4.819e+09  -5.096e+09   5.096e+09   5.096e+09  -5.096e+09   7.008e-13
       6  -5.096e+09   5.096e+09   5.096e+09  -5.096e+09  -4.470e+09   4.470e+09   4.470e+09  -4.470e+09  -9.252e-13
       7  -4.470e+09   4.470e+09   4.470e+09  -4.470e+09  -3.268e+09   3.268e+09   3.268e+09  -3.268e+09   8.994e-13
       8  -3.268e+09   3.268e+09   3.268e+09  -3.268e+09  -4.202e-06   4.202e-06   4.202e-06  -4.202e-06   2.143e-13
MODAL No:        8
NODE(ELEM) No             Z1                                  Z2                                 MID
       1   3.027e-05   3.027e-05  -3.027e-05  -3.027e-05   2.562e+09   2.562e+09  -2.562e+09  -2.562e+09  -2.293e-09
       2   2.562e+09   2.562e+09  -2.562e+09  -2.562e+09   4.446e+09   4.446e+09  -4.446e+09  -4.446e+09  -2.414e-09
       3   4.446e+09   4.446e+09  -4.446e+09  -4.446e+09   7.381e+09   7.381e+09  -7.381e+09  -7.381e+09  -3.890e-10
       4   7.381e+09   7.381e+09  -7.381e+09  -7.381e+09   9.636e+09   9.636e+09  -9.636e+09  -9.636e+09  -3.489e-09
       5   9.636e+09   9.636e+09  -9.636e+09  -9.636e+09   1.019e+10   1.019e+10  -1.019e+10  -1.019e+10  -2.448e-09
       6   1.019e+10   1.019e+10  -1.019e+10  -1.019e+10   8.938e+09   8.938e+09  -8.938e+09  -8.938e+09  -2.218e-09
       7   8.938e+09   8.938e+09  -8.938e+09  -8.938e+09   6.535e+09   6.535e+09  -6.535e+09  -6.535e+09  -4.350e-09
       8   6.535e+09   6.535e+09  -6.535e+09  -6.535e+09   3.784e-06   3.784e-06  -3.784e-06  -3.784e-06  -3.571e-09
MODAL No:        9
NODE(ELEM) No             Z1                                  Z2                                 MID
       1   3.735e-06  -3.735e-06  -3.735e-06   3.735e-06  -8.066e+09   8.066e+09   8.066e+09  -8.066e+09  -7.127e-09
       2  -8.066e+09   8.066e+09   8.066e+09  -8.066e+09  -1.150e+10   1.150e+10   1.150e+10  -1.150e+10  -5.023e-09
       3  -1.150e+10   1.150e+10   1.150e+10  -1.150e+10  -1.315e+10   1.315e+10   1.315e+10  -1.315e+10  -1.847e-08
       4  -1.315e+10   1.315e+10   1.315e+10  -1.315e+10  -7.917e+09   7.917e+09   7.917e+09  -7.917e+09  -4.395e-08
       5  -7.917e+09   7.917e+09   7.917e+09  -7.917e+09   2.008e+09  -2.008e+09  -2.008e+09   2.008e+09  -4.523e-08
       6   2.008e+09  -2.008e+09  -2.008e+09   2.008e+09   1.053e+10  -1.053e+10  -1.053e+10   1.053e+10  -2.168e-08
       7   1.053e+10  -1.053e+10  -1.053e+10   1.053e+10   1.333e+10  -1.333e+10  -1.333e+10   1.333e+10  -8.792e-09
       8   1.333e+10  -1.333e+10  -1.333e+10   1.333e+10   5.603e-06  -5.603e-06  -5.603e-06   5.603e-06   5.057e-09
MODAL No:       10
NODE(ELEM) No             Z1                                  Z2                                 MID
       1  -4.036e-05  -4.036e-05   4.036e-05   4.036e-05   1.612e+10   1.612e+10  -1.612e+10  -1.612e+10   1.360e-07
       2   1.612e+10   1.612e+10  -1.612e+10  -1.612e+10   2.297e+10   2.297e+10  -2.297e+10  -2.297e+10  -1.069e-07
       3   2.297e+10   2.297e+10  -2.297e+10  -2.297e+10   2.627e+10   2.627e+10  -2.627e+10  -2.627e+10  -4.664e-07
       4   2.627e+10   2.627e+10  -2.627e+10  -2.627e+10   1.582e+10   1.582e+10  -1.582e+10  -1.582e+10  -8.915e-07
       5   1.582e+10   1.582e+10  -1.582e+10  -1.582e+10  -4.012e+09  -4.012e+09   4.012e+09   4.012e+09  -4.752e-07
       6  -4.012e+09  -4.012e+09   4.012e+09   4.012e+09  -2.104e+10  -2.104e+10   2.104e+10   2.104e+10  -8.658e-07
       7  -2.104e+10  -2.104e+10   2.104e+10   2.104e+10  -2.664e+10  -2.664e+10   2.664e+10   2.664e+10   3.956e-07
       8  -2.664e+10  -2.664e+10   2.664e+10   2.664e+10  -5.045e-06  -5.045e-06   5.045e-06   5.045e-06   5.700e-07
MODAL No:       11
NODE(ELEM) No             Z1                                  Z2                                 MID
       1  -2.241e-05   2.241e-05   2.241e-05  -2.241e-05  -3.168e+10   3.168e+10   3.168e+10  -3.168e+10  -2.426e-06
       2  -3.168e+10   3.168e+10   3.168e+10  -3.168e+10  -3.254e+10   3.254e+10   3.254e+10  -3.254e+10  -4.740e-06
       3  -3.254e+10   3.254e+10   3.254e+10  -3.254e+10  -9.385e+09   9.385e+09   9.385e+09  -9.385e+09  -7.106e-06
       4  -9.385e+09   9.385e+09   9.385e+09  -9.385e+09   2.551e+10  -2.551e+10  -2.551e+10   2.551e+10  -9.954e-06
       5   2.551e+10  -2.551e+10  -2.551e+10   2.551e+10   2.987e+10  -2.987e+10  -2.987e+10   2.987e+10  -1.134e-05
       6   2.987e+10  -2.987e+10  -2.987e+10   2.987e+10  -4.536e+08   4.536e+08   4.536e+08  -4.536e+08  -1.112e-05
       7  -4.536e+08   4.536e+08   4.536e+08  -4.536e+08  -2.935e+10   2.935e+10   2.935e+10  -2.935e+10  -8.841e-06
       8  -2.935e+10   2.935e+10   2.935e+10  -2.935e+10  -3.735e-06   3.735e-06   3.735e-06  -3.735e-06  -5.534e-06
MODAL No:       12
NODE(ELEM) No             Z1                                  Z2                                 MID
       1   4.036e-05   4.036e-05  -4.036e-05  -4.036e-05   6.323e+10   6.323e+10  -6.323e+10  -6.323e+10  -2.115e-05
       2   6.323e+10   6.323e+10  -6.323e+10  -6.323e+10   6.495e+10   6.495e+10  -6.495e+10  -6.495e+10  -4.718e-05
       3   6.495e+10   6.495e+10  -6.495e+10  -6.495e+10   1.876e+10   1.876e+10  -1.876e+10  -1.876e+10  -7.526e-05
       4   1.876e+10   1.876e+10  -1.876e+10  -1.876e+10  -5.089e+10  -5.089e+10   5.089e+10   5.089e+10  -9.643e-05
       5  -5.089e+10  -5.089e+10   5.089e+10   5.089e+10  -5.959e+10  -5.959e+10   5.959e+10   5.959e+10  -9.242e-05
       6  -5.959e+10  -5.959e+10   5.959e+10   5.959e+10   9.044e+08   9.044e+08  -9.044e+08  -9.044e+08  -8.116e-05
       7   9.044e+08   9.044e+08  -9.044e+08  -9.044e+08   5.856e+10   5.856e+10  -5.856e+10  -5.856e+10  -5.972e-05
       8   5.856e+10   5.856e+10  -5.856e+10  -5.856e+10   0.000e+00   0.000e+00   0.000e+00   0.000e+00  -2.231e-05
MODAL No:       13
NODE(ELEM) No             Z1                                  Z2                                 MID
       1   9.177e-18   9.177e-18  -9.177e-18  -9.177e-18   6.951e+10  -6.951e+10  -6.951e+10   6.951e+10  -3.707e-05
       2   6.951e+10  -6.951e+10  -6.951e+10   6.951e+10   3.482e+10  -3.482e+10  -3.482e+10   3.482e+10  -8.955e-05
       3   3.482e+10  -3.482e+10  -3.482e+10   3.482e+10  -6.180e+10   6.180e+10   6.180e+10  -6.180e+10  -1.472e-04
       4  -6.180e+10   6.180e+10   6.180e+10  -6.180e+10  -4.706e+10   4.706e+10   4.706e+10  -4.706e+10  -1.826e-04
       5  -4.706e+10   4.706e+10   4.706e+10  -4.706e+10   6.048e+10  -6.048e+10  -6.048e+10   6.048e+10  -1.480e-04
       6   6.048e+10  -6.048e+10  -6.048e+10   6.048e+10   4.941e+10  -4.941e+10  -4.941e+10   4.941e+10  -1.095e-04
       7   4.941e+10  -4.941e+10  -4.941e+10   4.941e+10  -4.930e+10   4.930e+10   4.930e+10  -4.930e+10  -7.557e-05
       8  -4.930e+10   4.930e+10   4.930e+10  -4.930e+10   7.471e-06  -7.471e-06  -7.471e-06   7.471e-06  -7.457e-06
